{
 "cells": [
  {
   "cell_type": "markdown",
   "metadata": {},
   "source": [
    "# Explaining shots.csv\n",
    "\n",
    "This dataframe contains all the shots taken in the top-5 leagues (2017-2018), Euros (2016) and the World cup (2018). <br>\n",
    "These do not include penalties or free kicks. <br><br>\n",
    "\n",
    "**playerId** : unique Id for each player provided by wyScout, additional information for these players can be easily found in players.json<br><br>\n",
    "**id** : each event is provided with a unique id. <br><br> \n",
    "**x_coordinates** : x_coordinates of the location of each shot, the original data ranged from (0,100) I have normalized it to 105 as it is the average length of a football. This is the distance from the team's own goal. <br><br>\n",
    "**y_coordinates** : y_coordinates of the location of each shot, the original data ranged from (0,100) I have normalized it to 68 as it is the average width of a football pitch. This is the distance from the right side (for the attacking team) of the pitch. <br><br>\n",
    "**blocked** : 1 signifies the shot was blocked, 0 signifies it wasn't. <br><br>\n",
    "**goal** : whether the shot resulted in a goal or not. <br><br>\n",
    "**angles** : This is the angle (in degrees) subtended by the players field of view on the goal while taking a shot. Calculated using the cosine rule. The location of goalposts was taken from wyscout documentation and normalized according to our previous assumptions. <br><br>\n",
    "**time** : Time (in minutes) at which the shot was taken. <br><br>\n",
    "**matchPeriod**  : 0 signifies first half, 1 signified second half, 2 signifies extra time period 1 and 3 signifies extra time period 2. <br><br>\n",
    "**bodypart** : 1(right foot), 2(left foot), 3(head) <br><br>\n",
    "**counter** : whether the shot was taken during a counter attack. <br><br>\n",
    "**competition** : <br> 0:England<br>\n",
    "               1:France<br>\n",
    "               2:Germany<br>\n",
    "               3:Italy<br>\n",
    "               4:World Cup<br>\n",
    "               5:Spain<br>\n",
    "               6:Euros<br><br>\n",
    "**foot** : the preferred foot of player taking the shot. 1 = right , 0 =  left. <br><br>\n",
    "**distance** : the distance of the shot location from the centre of the goal line. <br><br>\n",
    "**preference** : <br> 1 signifies the shot has been taken with the player's preferred foot, or it is a header. <br> 0 signifies the shot has been taken with the player's non preferred foot.\n",
    "\n"
   ]
  },
  {
   "cell_type": "code",
   "execution_count": 4,
   "metadata": {},
   "outputs": [],
   "source": [
    "import matplotlib.pyplot as plt\n",
    "import seaborn as sns\n",
    "import pandas as pd\n",
    "import numpy as np\n",
    "from mplsoccer import Pitch,VerticalPitch"
   ]
  },
  {
   "cell_type": "code",
   "execution_count": 5,
   "metadata": {},
   "outputs": [],
   "source": [
    "shots=pd.read_csv('shots.csv')"
   ]
  },
  {
   "cell_type": "code",
   "execution_count": 6,
   "metadata": {},
   "outputs": [
    {
     "data": {
      "text/html": [
       "<div>\n",
       "<style scoped>\n",
       "    .dataframe tbody tr th:only-of-type {\n",
       "        vertical-align: middle;\n",
       "    }\n",
       "\n",
       "    .dataframe tbody tr th {\n",
       "        vertical-align: top;\n",
       "    }\n",
       "\n",
       "    .dataframe thead th {\n",
       "        text-align: right;\n",
       "    }\n",
       "</style>\n",
       "<table border=\"1\" class=\"dataframe\">\n",
       "  <thead>\n",
       "    <tr style=\"text-align: right;\">\n",
       "      <th></th>\n",
       "      <th>playerId</th>\n",
       "      <th>id</th>\n",
       "      <th>x_coordinates</th>\n",
       "      <th>y_coordinates</th>\n",
       "      <th>blocked</th>\n",
       "      <th>goal</th>\n",
       "      <th>time</th>\n",
       "      <th>matchPeriod</th>\n",
       "      <th>counter</th>\n",
       "      <th>competition</th>\n",
       "      <th>foot</th>\n",
       "      <th>bodypart</th>\n",
       "      <th>preferrence</th>\n",
       "      <th>angles</th>\n",
       "      <th>distance</th>\n",
       "      <th>headers</th>\n",
       "    </tr>\n",
       "  </thead>\n",
       "  <tbody>\n",
       "    <tr>\n",
       "      <th>playerId</th>\n",
       "      <td>1.000000</td>\n",
       "      <td>0.058048</td>\n",
       "      <td>-0.045414</td>\n",
       "      <td>0.009147</td>\n",
       "      <td>0.013499</td>\n",
       "      <td>-0.017948</td>\n",
       "      <td>0.022260</td>\n",
       "      <td>0.016678</td>\n",
       "      <td>0.013957</td>\n",
       "      <td>0.012353</td>\n",
       "      <td>-0.043956</td>\n",
       "      <td>-0.032620</td>\n",
       "      <td>0.005587</td>\n",
       "      <td>-0.052646</td>\n",
       "      <td>0.054620</td>\n",
       "      <td>-0.052559</td>\n",
       "    </tr>\n",
       "    <tr>\n",
       "      <th>id</th>\n",
       "      <td>0.058048</td>\n",
       "      <td>1.000000</td>\n",
       "      <td>0.029422</td>\n",
       "      <td>0.005084</td>\n",
       "      <td>0.002839</td>\n",
       "      <td>0.015339</td>\n",
       "      <td>0.005913</td>\n",
       "      <td>-0.004652</td>\n",
       "      <td>0.000490</td>\n",
       "      <td>-0.159136</td>\n",
       "      <td>-0.001131</td>\n",
       "      <td>-0.000459</td>\n",
       "      <td>0.001511</td>\n",
       "      <td>0.018479</td>\n",
       "      <td>-0.027497</td>\n",
       "      <td>-0.005335</td>\n",
       "    </tr>\n",
       "    <tr>\n",
       "      <th>x_coordinates</th>\n",
       "      <td>-0.045414</td>\n",
       "      <td>0.029422</td>\n",
       "      <td>1.000000</td>\n",
       "      <td>0.015878</td>\n",
       "      <td>-0.151263</td>\n",
       "      <td>0.223671</td>\n",
       "      <td>0.008897</td>\n",
       "      <td>0.007456</td>\n",
       "      <td>0.011860</td>\n",
       "      <td>0.002350</td>\n",
       "      <td>0.054305</td>\n",
       "      <td>0.303899</td>\n",
       "      <td>-0.035434</td>\n",
       "      <td>0.579988</td>\n",
       "      <td>-0.950182</td>\n",
       "      <td>0.361305</td>\n",
       "    </tr>\n",
       "    <tr>\n",
       "      <th>y_coordinates</th>\n",
       "      <td>0.009147</td>\n",
       "      <td>0.005084</td>\n",
       "      <td>0.015878</td>\n",
       "      <td>1.000000</td>\n",
       "      <td>-0.007020</td>\n",
       "      <td>0.006516</td>\n",
       "      <td>0.001439</td>\n",
       "      <td>0.001944</td>\n",
       "      <td>-0.000527</td>\n",
       "      <td>0.004339</td>\n",
       "      <td>0.063525</td>\n",
       "      <td>-0.049431</td>\n",
       "      <td>0.041886</td>\n",
       "      <td>0.034214</td>\n",
       "      <td>-0.035134</td>\n",
       "      <td>0.009871</td>\n",
       "    </tr>\n",
       "    <tr>\n",
       "      <th>blocked</th>\n",
       "      <td>0.013499</td>\n",
       "      <td>0.002839</td>\n",
       "      <td>-0.151263</td>\n",
       "      <td>-0.007020</td>\n",
       "      <td>1.000000</td>\n",
       "      <td>-0.190133</td>\n",
       "      <td>-0.006855</td>\n",
       "      <td>-0.005243</td>\n",
       "      <td>-0.016693</td>\n",
       "      <td>-0.023646</td>\n",
       "      <td>-0.019842</td>\n",
       "      <td>-0.153380</td>\n",
       "      <td>-0.042386</td>\n",
       "      <td>-0.169833</td>\n",
       "      <td>0.156545</td>\n",
       "      <td>-0.195090</td>\n",
       "    </tr>\n",
       "    <tr>\n",
       "      <th>goal</th>\n",
       "      <td>-0.017948</td>\n",
       "      <td>0.015339</td>\n",
       "      <td>0.223671</td>\n",
       "      <td>0.006516</td>\n",
       "      <td>-0.190133</td>\n",
       "      <td>1.000000</td>\n",
       "      <td>0.017276</td>\n",
       "      <td>0.019582</td>\n",
       "      <td>0.037209</td>\n",
       "      <td>-0.006151</td>\n",
       "      <td>0.005057</td>\n",
       "      <td>0.027361</td>\n",
       "      <td>-0.011328</td>\n",
       "      <td>0.331275</td>\n",
       "      <td>-0.256667</td>\n",
       "      <td>0.029759</td>\n",
       "    </tr>\n",
       "    <tr>\n",
       "      <th>time</th>\n",
       "      <td>0.022260</td>\n",
       "      <td>0.005913</td>\n",
       "      <td>0.008897</td>\n",
       "      <td>0.001439</td>\n",
       "      <td>-0.006855</td>\n",
       "      <td>0.017276</td>\n",
       "      <td>1.000000</td>\n",
       "      <td>0.830738</td>\n",
       "      <td>0.011324</td>\n",
       "      <td>-0.011111</td>\n",
       "      <td>-0.005296</td>\n",
       "      <td>-0.003975</td>\n",
       "      <td>-0.002378</td>\n",
       "      <td>0.008812</td>\n",
       "      <td>-0.013331</td>\n",
       "      <td>-0.005469</td>\n",
       "    </tr>\n",
       "    <tr>\n",
       "      <th>matchPeriod</th>\n",
       "      <td>0.016678</td>\n",
       "      <td>-0.004652</td>\n",
       "      <td>0.007456</td>\n",
       "      <td>0.001944</td>\n",
       "      <td>-0.005243</td>\n",
       "      <td>0.019582</td>\n",
       "      <td>0.830738</td>\n",
       "      <td>1.000000</td>\n",
       "      <td>0.011057</td>\n",
       "      <td>0.008084</td>\n",
       "      <td>-0.001521</td>\n",
       "      <td>-0.007551</td>\n",
       "      <td>-0.005832</td>\n",
       "      <td>0.000850</td>\n",
       "      <td>-0.008851</td>\n",
       "      <td>-0.010945</td>\n",
       "    </tr>\n",
       "    <tr>\n",
       "      <th>counter</th>\n",
       "      <td>0.013957</td>\n",
       "      <td>0.000490</td>\n",
       "      <td>0.011860</td>\n",
       "      <td>-0.000527</td>\n",
       "      <td>-0.016693</td>\n",
       "      <td>0.037209</td>\n",
       "      <td>0.011324</td>\n",
       "      <td>0.011057</td>\n",
       "      <td>1.000000</td>\n",
       "      <td>0.008807</td>\n",
       "      <td>-0.011574</td>\n",
       "      <td>-0.065222</td>\n",
       "      <td>-0.017473</td>\n",
       "      <td>-0.047034</td>\n",
       "      <td>0.002174</td>\n",
       "      <td>-0.084445</td>\n",
       "    </tr>\n",
       "    <tr>\n",
       "      <th>competition</th>\n",
       "      <td>0.012353</td>\n",
       "      <td>-0.159136</td>\n",
       "      <td>0.002350</td>\n",
       "      <td>0.004339</td>\n",
       "      <td>-0.023646</td>\n",
       "      <td>-0.006151</td>\n",
       "      <td>-0.011111</td>\n",
       "      <td>0.008084</td>\n",
       "      <td>0.008807</td>\n",
       "      <td>1.000000</td>\n",
       "      <td>-0.032474</td>\n",
       "      <td>0.015487</td>\n",
       "      <td>0.018447</td>\n",
       "      <td>-0.014077</td>\n",
       "      <td>0.005219</td>\n",
       "      <td>0.015792</td>\n",
       "    </tr>\n",
       "    <tr>\n",
       "      <th>foot</th>\n",
       "      <td>-0.043956</td>\n",
       "      <td>-0.001131</td>\n",
       "      <td>0.054305</td>\n",
       "      <td>0.063525</td>\n",
       "      <td>-0.019842</td>\n",
       "      <td>0.005057</td>\n",
       "      <td>-0.005296</td>\n",
       "      <td>-0.001521</td>\n",
       "      <td>-0.011574</td>\n",
       "      <td>-0.032474</td>\n",
       "      <td>1.000000</td>\n",
       "      <td>-0.238598</td>\n",
       "      <td>-0.046352</td>\n",
       "      <td>0.068444</td>\n",
       "      <td>-0.069456</td>\n",
       "      <td>0.062074</td>\n",
       "    </tr>\n",
       "    <tr>\n",
       "      <th>bodypart</th>\n",
       "      <td>-0.032620</td>\n",
       "      <td>-0.000459</td>\n",
       "      <td>0.303899</td>\n",
       "      <td>-0.049431</td>\n",
       "      <td>-0.153380</td>\n",
       "      <td>0.027361</td>\n",
       "      <td>-0.003975</td>\n",
       "      <td>-0.007551</td>\n",
       "      <td>-0.065222</td>\n",
       "      <td>0.015487</td>\n",
       "      <td>-0.238598</td>\n",
       "      <td>1.000000</td>\n",
       "      <td>-0.093917</td>\n",
       "      <td>0.339092</td>\n",
       "      <td>-0.347409</td>\n",
       "      <td>0.798670</td>\n",
       "    </tr>\n",
       "    <tr>\n",
       "      <th>preferrence</th>\n",
       "      <td>0.005587</td>\n",
       "      <td>0.001511</td>\n",
       "      <td>-0.035434</td>\n",
       "      <td>0.041886</td>\n",
       "      <td>-0.042386</td>\n",
       "      <td>-0.011328</td>\n",
       "      <td>-0.002378</td>\n",
       "      <td>-0.005832</td>\n",
       "      <td>-0.017473</td>\n",
       "      <td>0.018447</td>\n",
       "      <td>-0.046352</td>\n",
       "      <td>-0.093917</td>\n",
       "      <td>1.000000</td>\n",
       "      <td>0.024926</td>\n",
       "      <td>0.027338</td>\n",
       "      <td>0.213551</td>\n",
       "    </tr>\n",
       "    <tr>\n",
       "      <th>angles</th>\n",
       "      <td>-0.052646</td>\n",
       "      <td>0.018479</td>\n",
       "      <td>0.579988</td>\n",
       "      <td>0.034214</td>\n",
       "      <td>-0.169833</td>\n",
       "      <td>0.331275</td>\n",
       "      <td>0.008812</td>\n",
       "      <td>0.000850</td>\n",
       "      <td>-0.047034</td>\n",
       "      <td>-0.014077</td>\n",
       "      <td>0.068444</td>\n",
       "      <td>0.339092</td>\n",
       "      <td>0.024926</td>\n",
       "      <td>1.000000</td>\n",
       "      <td>-0.725387</td>\n",
       "      <td>0.424384</td>\n",
       "    </tr>\n",
       "    <tr>\n",
       "      <th>distance</th>\n",
       "      <td>0.054620</td>\n",
       "      <td>-0.027497</td>\n",
       "      <td>-0.950182</td>\n",
       "      <td>-0.035134</td>\n",
       "      <td>0.156545</td>\n",
       "      <td>-0.256667</td>\n",
       "      <td>-0.013331</td>\n",
       "      <td>-0.008851</td>\n",
       "      <td>0.002174</td>\n",
       "      <td>0.005219</td>\n",
       "      <td>-0.069456</td>\n",
       "      <td>-0.347409</td>\n",
       "      <td>0.027338</td>\n",
       "      <td>-0.725387</td>\n",
       "      <td>1.000000</td>\n",
       "      <td>-0.420609</td>\n",
       "    </tr>\n",
       "    <tr>\n",
       "      <th>headers</th>\n",
       "      <td>-0.052559</td>\n",
       "      <td>-0.005335</td>\n",
       "      <td>0.361305</td>\n",
       "      <td>0.009871</td>\n",
       "      <td>-0.195090</td>\n",
       "      <td>0.029759</td>\n",
       "      <td>-0.005469</td>\n",
       "      <td>-0.010945</td>\n",
       "      <td>-0.084445</td>\n",
       "      <td>0.015792</td>\n",
       "      <td>0.062074</td>\n",
       "      <td>0.798670</td>\n",
       "      <td>0.213551</td>\n",
       "      <td>0.424384</td>\n",
       "      <td>-0.420609</td>\n",
       "      <td>1.000000</td>\n",
       "    </tr>\n",
       "  </tbody>\n",
       "</table>\n",
       "</div>"
      ],
      "text/plain": [
       "               playerId        id  x_coordinates  y_coordinates   blocked  \\\n",
       "playerId       1.000000  0.058048      -0.045414       0.009147  0.013499   \n",
       "id             0.058048  1.000000       0.029422       0.005084  0.002839   \n",
       "x_coordinates -0.045414  0.029422       1.000000       0.015878 -0.151263   \n",
       "y_coordinates  0.009147  0.005084       0.015878       1.000000 -0.007020   \n",
       "blocked        0.013499  0.002839      -0.151263      -0.007020  1.000000   \n",
       "goal          -0.017948  0.015339       0.223671       0.006516 -0.190133   \n",
       "time           0.022260  0.005913       0.008897       0.001439 -0.006855   \n",
       "matchPeriod    0.016678 -0.004652       0.007456       0.001944 -0.005243   \n",
       "counter        0.013957  0.000490       0.011860      -0.000527 -0.016693   \n",
       "competition    0.012353 -0.159136       0.002350       0.004339 -0.023646   \n",
       "foot          -0.043956 -0.001131       0.054305       0.063525 -0.019842   \n",
       "bodypart      -0.032620 -0.000459       0.303899      -0.049431 -0.153380   \n",
       "preferrence    0.005587  0.001511      -0.035434       0.041886 -0.042386   \n",
       "angles        -0.052646  0.018479       0.579988       0.034214 -0.169833   \n",
       "distance       0.054620 -0.027497      -0.950182      -0.035134  0.156545   \n",
       "headers       -0.052559 -0.005335       0.361305       0.009871 -0.195090   \n",
       "\n",
       "                   goal      time  matchPeriod   counter  competition  \\\n",
       "playerId      -0.017948  0.022260     0.016678  0.013957     0.012353   \n",
       "id             0.015339  0.005913    -0.004652  0.000490    -0.159136   \n",
       "x_coordinates  0.223671  0.008897     0.007456  0.011860     0.002350   \n",
       "y_coordinates  0.006516  0.001439     0.001944 -0.000527     0.004339   \n",
       "blocked       -0.190133 -0.006855    -0.005243 -0.016693    -0.023646   \n",
       "goal           1.000000  0.017276     0.019582  0.037209    -0.006151   \n",
       "time           0.017276  1.000000     0.830738  0.011324    -0.011111   \n",
       "matchPeriod    0.019582  0.830738     1.000000  0.011057     0.008084   \n",
       "counter        0.037209  0.011324     0.011057  1.000000     0.008807   \n",
       "competition   -0.006151 -0.011111     0.008084  0.008807     1.000000   \n",
       "foot           0.005057 -0.005296    -0.001521 -0.011574    -0.032474   \n",
       "bodypart       0.027361 -0.003975    -0.007551 -0.065222     0.015487   \n",
       "preferrence   -0.011328 -0.002378    -0.005832 -0.017473     0.018447   \n",
       "angles         0.331275  0.008812     0.000850 -0.047034    -0.014077   \n",
       "distance      -0.256667 -0.013331    -0.008851  0.002174     0.005219   \n",
       "headers        0.029759 -0.005469    -0.010945 -0.084445     0.015792   \n",
       "\n",
       "                   foot  bodypart  preferrence    angles  distance   headers  \n",
       "playerId      -0.043956 -0.032620     0.005587 -0.052646  0.054620 -0.052559  \n",
       "id            -0.001131 -0.000459     0.001511  0.018479 -0.027497 -0.005335  \n",
       "x_coordinates  0.054305  0.303899    -0.035434  0.579988 -0.950182  0.361305  \n",
       "y_coordinates  0.063525 -0.049431     0.041886  0.034214 -0.035134  0.009871  \n",
       "blocked       -0.019842 -0.153380    -0.042386 -0.169833  0.156545 -0.195090  \n",
       "goal           0.005057  0.027361    -0.011328  0.331275 -0.256667  0.029759  \n",
       "time          -0.005296 -0.003975    -0.002378  0.008812 -0.013331 -0.005469  \n",
       "matchPeriod   -0.001521 -0.007551    -0.005832  0.000850 -0.008851 -0.010945  \n",
       "counter       -0.011574 -0.065222    -0.017473 -0.047034  0.002174 -0.084445  \n",
       "competition   -0.032474  0.015487     0.018447 -0.014077  0.005219  0.015792  \n",
       "foot           1.000000 -0.238598    -0.046352  0.068444 -0.069456  0.062074  \n",
       "bodypart      -0.238598  1.000000    -0.093917  0.339092 -0.347409  0.798670  \n",
       "preferrence   -0.046352 -0.093917     1.000000  0.024926  0.027338  0.213551  \n",
       "angles         0.068444  0.339092     0.024926  1.000000 -0.725387  0.424384  \n",
       "distance      -0.069456 -0.347409     0.027338 -0.725387  1.000000 -0.420609  \n",
       "headers        0.062074  0.798670     0.213551  0.424384 -0.420609  1.000000  "
      ]
     },
     "execution_count": 6,
     "metadata": {},
     "output_type": "execute_result"
    }
   ],
   "source": [
    "shots.corr()"
   ]
  },
  {
   "cell_type": "code",
   "execution_count": 8,
   "metadata": {},
   "outputs": [],
   "source": [
    "sns.set(style=\"darkgrid\")\n",
    "sns.set_context('poster')\n"
   ]
  },
  {
   "cell_type": "code",
   "execution_count": 18,
   "metadata": {},
   "outputs": [
    {
     "data": {
      "text/plain": [
       "<matplotlib.axes._subplots.AxesSubplot at 0x27bbfecc2c8>"
      ]
     },
     "execution_count": 18,
     "metadata": {},
     "output_type": "execute_result"
    },
    {
     "data": {
